0.351682
-0.457489
-0.501277
-0.703012
0.440929
-0.724923
0.202274
-0.353172
-0.175478
-0.425734
-1.01921
0.645109
0.780242
0.224814
-0.6744
0.54849
0.426924
-0.198345
-0.0582973
0.0201011
0.35411
-1.14558
-0.689499
-0.934119
-0.13284
0.557937
-0.468326
-0.191847
0.909523
-0.715568
0.407451
0.476072
-0.616496
-0.643512
-1.00158
-0.57731
-0.196374
0.306516
-1.02189
-0.721326
0.912844
0.17062
-1.08014
0.615704
0.727215
0.222882
0.60965
0.136404
0.539864
0.140948
0.563896
-0.17234
0.628168
-0.493753
0.640833
0.256786
0.571272
0.0842195
-0.0967371
0.588139
-1.03276
-0.55828
0.0499654
-0.539306
-0.0867161
0.526844
-1.02635
-0.798209
0.0851071
-0.603777
0.216293
0.814598
-0.658259
-0.732876
-0.116171
-1.03778
0.471218
-0.190747
0.227724
-1.04759
-0.521824
0.908273
0.414353
-0.538753
-0.981582
0.885171
0.0048601
0.905795
-0.724787
-0.623229
0.202393
-0.873168
-1.00235
-0.604504
-0.474587
0.0875603
0.0123742
-0.350118
0.405854
-0.656883
-0.563117
0.331021
-0.466699
-0.568881
0.196701
1.03436
-0.882795
-1.00107
-0.381989
0.531894
-0.375297
0.252925
-0.239054
-0.922063
-0.910959
0.239491
-0.370311
-0.218824
0.352105
0.529579
0.83021
-0.361046
0.770248
0.934271
-0.514065
0.370675
0.346577
0.874941
-0.80412
-0.438169
1.10861
-0.65386
-0.452343
-0.757229
-0.744779
-0.066299
0.264442
0.775601
-0.954213
-0.597752
-0.0131669
-0.170371
0.0533801
-0.329887
-0.266083
0.446269
0.325029
-0.540126
-0.697339
0.0837383
0.397875
0.365123
-0.453521
-0.312002
-0.858795
-1.81426
-0.541942
-0.449058
1.26284
-0.597178
0.272023
0.0083203
0.230174
0.50235
0.792162
-0.903538
0.47586
0.112389
-0.722745
0.414476
0.263273
-0.210112
0.446715
0.710592
-0.64625
0.568125
-0.375208
-0.182477
-0.592962
-1.11975
-0.174799
-0.897612
-0.614536
0.958529
-1.31517
0.760808
-0.649814
-1.07828
-0.363911
0.360085
0.57691
0.419047
-0.77851
-0.0410742
0.00474145
0.610988
0.188484
-0.808688
-0.408963
-0.095062
0.65728
-1.04193
-0.0404358
-1.02505
-1.06153
-0.44363
0.234342
-0.757134
-0.927669
0.00444503
-0.627106
-0.464003
0.60744
-0.281417
0.356621
0.496527
-0.0031485
0.634664
0.588398
-0.46509
-0.302639
0.248252
-0.741626
-0.580339
-0.168374
0.805092
0.162148
0.107897
0.522331
-0.777345
0.613217
-0.614703
0.108046
0.301465
-0.833729
0.204903
0.616516
0.247497
0.911944
0.2091
0.58549
0.781728
0.499226
0.497145
-0.412845
0.843428
0.00633852
-0.729924
0.127723
0.819071
-0.0754266
-0.519109
0.161666
0.431176
-0.462965
0.414703
-0.264138
0.79696
0.903268
-1.29003
0.462401
-0.727916
-1.03422
0.435042
-0.303955
0.78776
-0.142873
-0.0645151
0.73887
-0.351679
-0.921698
-0.759708
0.38011
0.950735
-0.701928
-1.08814
0.887684
0.100297
-0.441728
-0.26196
0.275386
-0.09394
-0.259357
-0.229632
-0.265695
0.276113
0.012577
1.02903
0.691828
0.779914
-0.723758
-0.522098
-0.892021
-0.787038
0.201731
0.455947
-0.738943
0.655139
-0.496029
-0.727753
-0.213623
0.631735
0.462931
-0.777463
-0.480954
0.318232
-0.69021
0.0405093
0.683332
0.438099
0.401351
0.768756
-1.2973
0.723344
-0.761381
-0.678524
-0.478139
0.124453
0.0995218
-1.06827
-0.354837
-0.0548602
-0.842718
-0.381605
0.313029
-1.04141
-0.541634
-0.416203
-0.638731
-0.91513
-0.977824
0.673216
0.279593
-0.838262
0.262163
-0.122401
0.378019
1.30868
0.795711
1.15365
-1.11162
-0.0959892
-0.628201
-0.617627
-0.629471
-1.07186
-0.882071
0.91321
0.655774
-0.437433
0.326975
-0.0260413
0.430439
-0.0226598
-0.87168
-0.613402
-0.889791
-0.732888
-0.535698
-0.805061
0.280111
-0.162407
-0.825233
-0.675561
-0.153681
-0.951507
-0.258074
-0.0230246
0.534534
0.068106
0.820792
0.371677
-0.0827979
0.214543
-0.793505
0.473662
0.239907
-0.0201054
0.747524
-0.852852
0.806325
-0.00451344
-0.281759
0.177543
0.245604
-0.710133
0.373596
0.882269
-0.457622
0.298289
0.834352
-0.487472
-1.04198
0.697334
-0.602142
-0.014688
-0.678561
0.728768
-1.0682
0.814167
0.579264
0.968376
0.425646
-0.749782
0.696326
0.340518
-0.108666
0.0560184
-0.855792
0.199476
0.290714
0.607921
-0.718824
-0.104697
-0.722935
0.35151
-0.695907
-0.359221
1.07666
-0.46018
-0.834308
0.207551
-0.646988
-0.857827
0.0279569
0.119667
-0.0782706
0.859878
-0.617283
-1.01007
0.653265
-0.780078
0.401749
-0.787302
0.0701943
0.597592
-1.11288
0.764133
-0.178719
-0.0997346
-0.710867
-0.82731
-0.172272
-0.271049
0.472831
-0.413135
0.244905
0.363981
-0.834974
-0.873443
0.595484
-0.315501
0.273317
0.0843588
-0.734339
0.456279
-1.0566
-0.964928
0.0401355
0.477434
-0.80417
-0.40669
0.796373
0.595427
-0.506886
-0.659391
0.859518
-0.892292
-0.234742
-0.864499
0.625762
0.319522
0.584393
0.0297521
-0.526085
-0.442257
-0.933822
0.39947
-0.711185
-0.377006
0.362798
0.251809
-0.48328
0.593313
-0.871876
0.302492
-0.193315
-0.179115
0.160937
0.484873
-0.865781
-0.587017
-0.908401
-0.179102
-0.618877
-1.08075
-0.209671
-0.472698
-0.028493
-0.916276
0.390836
0.163888
-0.500746
-1.22109
0.359025
0.808235
0.402951
0.0676283
0.555332
-0.485004
-0.637081
-0.412177
-0.992134
-1.11336
-0.86935
0.289885
0.340904
-0.712144
0.444813
-0.0651506
0.217665
0.745881
-0.308257
0.305546
-0.698802
0.3241
0.504731
0.728035
0.79824
-0.546971
0.156374
0.00489999
-1.03848
-0.761231
-0.319717
-0.208942
-0.258746
-0.29713
0.200598
0.0276436
0.803296
-0.346252
0.698429
-0.433076
0.261825
0.651038
0.453342
0.390773
0.479423
0.46994
-0.26853
-0.83342
-0.487602
-1.14722
-1.17145
-0.967249
0.0475666
-0.85112
0.757317
-1.05782
-0.901581
-0.252203
-0.152907
-0.43151
0.479701
-1.13665
-0.461183
-0.00354378
-0.522538
-1.06759
-0.752839
-0.986669
0.225304
0.35962
0.571977
0.715606
0.052014
0.112603
0.68292
0.241086
0.228457
-1.09118
0.579912
-0.755096
0.89289
0.592873
0.325926
0.343162
0.622518
0.000483144
0.221699
-0.591164
-1.09706
-0.608604
-0.632034
-0.967955
-0.544767
-0.842886
0.517962
0.489902
-0.881132
-0.445982
0.626187
-0.023351
-0.253926
0.150446
-0.769243
-0.0784018
-0.162013
-0.136897
-0.507543
-0.607712
-1.15727
0.581884
-0.933131
0.587364
-0.461056
0.21692
0.322261
0.159831
-0.890925
-0.138308
-0.428021
-0.242792
-1.09286
0.0692749
0.702086
0.471127
-0.302905
0.908451
-0.931586
-0.2716
0.808548
-1.01086
0.275611
-0.877118
0.452105
-0.889796
-0.135269
-0.760533
0.828634
-0.680372
-0.0445792
-0.59931
-0.482588
0.16165
-0.422166
-0.686294
0.395896
-0.54961
0.603472
-1.02736
-0.838809
-0.851891
0.610912
0.371216
-0.439806
0.779873
0.475121
0.106401
-0.739268
0.703819
0.234673
-0.177575
-0.658082
0.251195
0.244422
-0.0532042
-1.06615
0.644851
-0.952817
0.47366
0.0250909
0.227791
-0.744424
-0.851976
0.114587
-0.0597059
-0.874568
-0.649611
-1.01464
0.392865
0.0512039
0.470108
-0.572915
-0.123947
-0.726936
0.155663
0.130855
-1.13875
-0.666369
0.679066
-0.64947
0.64606
-0.746617
-0.153673
-0.529581
0.264944
0.252107
-0.798012
-0.878751
0.241352
0.509392
-0.4525
-0.837367
-0.743881
-0.559338
0.605332
0.509436
-0.486344
-0.559146
0.724982
0.456491
-0.783659
-0.743339
-1.05151
-0.464947
-0.750268
-0.65537
0.0761807
-0.857132
-0.177732
-1.16726
0.387839
0.311098
0.203834
-0.662996
0.0240476
-1.18805
-0.383562
-0.297832
0.663395
-0.0540795
-0.110756
1.03949
-0.558946
-0.0374429
-0.377184
-0.528691
0.856671
0.0939279
0.718233
-0.313212
-0.126826
-0.367393
0.576906
0.0212493
0.0788941
-0.732395
0.443667
0.0716779
0.611472
0.696117
0.494807
0.868959
-0.843424
-1.05269
0.0998451
-0.855455
-0.612233
0.491184
-0.0631027
-0.578046
-0.0932657
-0.936707
-1.035
-0.605145
0.433993
-0.121595
-0.167489
0.275556
0.614827
0.406035
0.633954
0.0062123
-0.491047
-0.984202
-0.346034
-0.0758955
0.328857
0.403142
-1.06684
0.113737
0.103179
-0.647466
0.103579
0.117947
-0.285137
0.300782
-0.95327
-0.606914
-0.692266
-0.248357
0.0150679
0.355929
-0.733612
-0.90928
-0.00567088
-0.43737
-0.563738
-0.373883
0.606688
0.806669
-0.502898
-0.247645
-1.12913
-0.469741
0.263057
0.198889
0.217344
-0.644757
-0.868669
-0.314459
0.720711
-0.690831
0.366023
-0.568536
0.662251
0.191305
-0.62998
-0.290202
-0.00553395
0.245354
0.411242
0.445459
-0.732646
0.283483
0.532374
-0.891081
0.0200056
0.932209
-0.568009
0.827061
-0.463818
-0.591078
0.410789
0.2937
0.335588
-0.499703
0.315164
-0.203729
0.700474
-0.103399
0.602746
-0.814227
-0.858507
-0.665218
0.674008
0.787246
-0.500734
-0.263494
0.877095
0.748879
-0.772248
0.0760525
-0.959273
-0.989621
0.0453233
0.597812
-0.229743
-0.324611
0.126483
0.265951
-0.889025
0.584709
-0.269288
-0.853713
0.0107332
0.285499
-0.151331
0.506789
0.348008
-0.34646
0.669626
-1.10971
-0.20859
-0.143144
0.320924
-0.923166
-0.144622
-0.987298
0.176217
0.507071
-0.601563
0.561154
0.362685
-0.289986
-0.705896
0.669275
-0.482983
-0.518994
-0.383361
0.225376
0.66918
0.81668
-0.718361
0.85473
0.13466
-0.791089
-0.0902514
-0.646385
-0.484561
-0.296769
0.276283
0.00689559
0.381901
-0.153228
-0.805722
0.946708
0.607747
0.987662
-1.06063
1.09248
-0.673442
-0.881533
-0.550085
-0.385191
0.0469526
-1.02099
0.702955
0.163409
0.0929519
-0.834053
0.419299
-0.213613
0.599338
0.446672
-0.28734
-1.07735
-0.16035
-0.45846
0.235575
-0.714631
-0.328541
0.0763083
-0.505718
-0.118238
0.00258759
-0.691698
-0.207217
0.67767
0.619696
-0.426903
0.0868294
0.283132
-0.227632
-1.03155
0.851617
-0.613933
-0.267393
0.95696
0.303215
0.0045422
-0.247091
0.771525
-0.0997741
0.0803334
0.0244529
-0.0160169
-0.0411586
-0.380098
-0.0861455
0.511482
0.412197
0.238499
-1.01546
0.640381
0.229484
-0.323763
0.375658
-0.611538
-0.575217
0.160457
-0.0122717
0.327156
0.689975
0.0235717
0.451931
-0.175398
-0.945658
0.268792
0.118527
0.00998218
-0.837624
0.80829
0.615604
-0.648216
-0.601882
-0.51832
1.20252
0.732445
-0.446918
0.366191
-0.581257
-0.845931
0.835964
0.287822
0.754443
-0.131966
-0.769834
-0.361832
-0.924212
0.870722
-0.586814
0.406184
0.689569
-0.22294
0.691457
-0.911426
-0.983239
0.194178
-0.0763934
0.598637
-0.662618
1.08035
-0.753255
-1.23093
-1.06933
0.751683
-0.112184
0.166981
-1.05613
0.595202
-0.643432
-0.256369
-0.00910112
0.12755
0.114594
-0.0379325
-0.115714
-0.136834
-0.286695
0.255776
-1.16626
-0.852014
-0.939397
0.620859
0.378724
0.44656
-0.265775
-0.0473091
-0.453953
-0.0580073
-0.915086
-1.04578
0.244409
0.454764
-0.784328
0.232909
-0.0553854
0.0491898
-0.611995
0.356825
0.112641
0.741156
-0.663314
0.698385
0.838536
-0.239036
-0.716782
0.420502
-0.232768
0.764942
-0.423309
0.0221505
-0.996813
0.313398
0.184472
0.85964
0.465641
0.371193
0.55949
0.538417
0.882426
-0.29856
0.214413
0.159756
-0.816696
0.414505
0.241113
-0.629207
0.893414
0.472991
-0.96079
0.281938
-0.931643
0.0384979
0.466514
-0.160112
-0.269414
0.872523
0.374083
0.103033
-0.347865
0.17762
-0.503844
-0.166708
-0.0498778
-0.899463
-0.192105
-0.6162
-0.897818
-1.03407
0.0594267
-0.603222
-0.575587
-0.583752
0.431727
-1.04488
0.871213
0.737898
-0.383728
-0.0815242
-0.605282
-0.130113
-0.110591
-0.56072
-0.152342
-1.06724
-0.0486495
-0.086792
0.502232
0.181285
0.143575
-0.494129
-1.01841
-1.11574
-1.03821
0.340541
0.423614
0.694334
-0.96355
-0.606347
0.412242
0.228615
-0.249319
0.580275
-0.967526
-0.138786
-0.150221
0.51511
-0.247523
-0.813895
-0.44654
0.0909608
-0.443613
-0.42733
-0.722745
-0.208676
-0.883813
-0.353146
0.727497
-0.137683
0.196512
-0.547009
-0.847074
0.572764
-1.04611
0.627603
-1.13408
-0.541537
-0.637736
-0.515057
-0.778594
0.39505
0.331745
-0.764643
0.124002
-0.262835
-1.25931
0.117833
-0.792189
0.667173
-0.782574
0.21367
-0.575888
-0.212101
-0.663746
0.142582
0.408501
-0.683995
-0.82664
-0.998699
0.220681
-0.709269
-0.471092
-0.567027
-0.615334
0.773401
-0.69535
-0.591288
0.680468
-0.16221
-0.20198
0.169526
-0.553868
0.691998
-0.734503
1.01069
-0.273254
0.766788
0.390276
0.780225
-1.03237
0.132433
0.553279
0.644262
-0.839118
0.172559
0.471812
0.714697
0.468027
0.826221
0.784294
-0.212793
-1.01506
0.0511861
0.547792
-1.03176
-0.386783
-0.814595
0.430634
0.0608866
-0.860719
-0.243078
-0.908411
0.238535
0.393663
0.202349
-0.201367
0.681012
0.753422
-0.521716
-0.706416
-1.06857
-0.938458
-1.03798
-0.155636
0.309243
-0.664052
-0.139461
0.988681
-0.580713
0.0371346
0.267626
0.0154292
-0.48268
0.377626
-1.10918
0.953724
-0.616189
-0.267763
0.197892
-0.688091
0.125264
-1.08053
-0.0277505
0.788741
-0.215866
-0.545111
0.306702
-0.557628
-0.13854
-0.0154578
0.68707
0.84059
0.242881
-0.862296
-0.988989
-0.872202
-0.640406
0.198581
0.515673
0.785145
-0.0250459
0.808149
0.16727
0.48678
-0.651734
-0.666085
-0.61924
-0.274688
-0.109572
-0.0110787
0.974815
0.0983979
-0.450605
-0.94107
-0.616457
-0.803632
-0.191878
-0.598308
-0.898707
-0.690879
0.10869
-0.661191
0.228856
0.81917
-0.401613
0.533105
0.0227144
-0.114025
-1.01077
0.456426
-0.840471
0.0502696
-0.851964
0.299231
0.293794
-0.998017
0.0105577
0.295981
-0.744729
-0.47437
-0.815098
0.462681
0.599976
-0.833639
-0.173481
0.592053
-0.603627
-0.965183
-0.241073
-0.911982
-0.0940424
0.573781
-1.09825
-0.717299
-0.105832
-0.84906
0.23345
0.487062
-1.06467
0.210513
-0.936266
-0.194692
-0.272477
0.0770311
0.776231
0.527183
0.805554
-0.251884
-0.18978
-0.198487
0.608981
0.704269
-1.05488
-0.780979
0.308112
-0.112629
-0.112228
-0.249467
0.681064
-0.872261
-0.267441
-0.702113
-0.294393
0.951139
-0.66269
0.557105
0.682258
0.359301
0.545914
-0.375635
0.057248
-0.921143
0.239929
-0.872544
0.101345
0.147187
-0.762464
0.174616
-0.684189
-0.929579
-0.922042
-0.696307
-0.805388
-0.587228
-0.397486
0.556743
0.254078
-0.694915
0.653368
-0.298255
-0.361878
-0.390762
-0.867233
0.791134
-0.216366
-0.062163
-1.0386
0.710544
-0.690707
-0.839233
-0.831167
-1.04314
-0.531335
-0.292746
0.904111
-0.0680216
0.447926
-0.205909
0.446993
-0.382684
-0.718835
-0.155553
-0.76796
0.51042
-0.232832
0.724282
-0.44623
-0.176889
-1.08343
-0.612268
0.158137
0.533957
-0.856726
-0.156173
-0.862284
-0.177153
-0.483132
0.383619
-0.333027
-0.432521
0.0414549
-1.13236
-0.458873
-0.570595
0.326754
-1.18046
-0.337166
1.13079
0.546018
-0.631088
-0.48905
-0.954329
-0.575497
0.611985
0.373571
-0.899396
-0.904106
0.454903
0.855678
-0.445636
-0.437245
0.622012
-0.551852
-0.51501
-0.328872
0.754344
0.344338
-0.0175439
-0.715166
-0.801447
0.301222
0.160641
-1.18434
-0.230655
0.799897
0.0693881
-0.515374
0.107572
-0.073503
-0.854532
-0.341319
-0.724214
-0.168071
-0.257543
-0.747755
-0.479992
-1.06105
0.219655
0.138326
0.677186
-0.968067
-0.901939
-0.609848
-0.591299
-0.607856
0.203011
0.604222
0.399919
-0.19349
0.515552
0.232061
-0.517452
0.465778
-0.865735
-0.624188
-0.826894
0.0915102
-0.669104
0.0928039
0.412399
0.155106
-0.333274
-0.0946092
0.581041
0.0637887
-0.127381
-0.662021
0.206746
0.220134
-0.525443
-0.00524167
-0.720864
-0.484093
-0.302155
-1.07015
-0.600904
0.425665
-0.210723
0.787666
0.390203
0.0988866
-0.898366
0.529272
-0.872934
0.0296562
-0.319066
-0.798
0.412869
0.645113
0.108931
-0.130499
-0.708575
-0.742422
-0.331926
0.276365
-0.787134
-0.888254
0.192411
0.533515
-0.00530799
-0.925361
1.13064
0.609726
0.027647
-0.157219
0.450013
-1.18689
-0.626501
0.646861
0.265718
0.328453
-0.93592
-0.839251
-0.376612
-0.959923
0.741193
0.620401
0.733383
-0.0530007
0.537166
0.0816973
-0.59694
0.248519
-0.0239976
0.68
-0.739052
0.325397
-1.39118
-0.685317
-1.0353
0.802626
-0.970584
1.02873
0.570418
-1.02549
-0.768783
0.552625
-0.0650072
-0.223508
-0.0695518
0.0367556
0.164506
0.0254993
-0.22411
-0.834277
0.184175
-0.323713
0.0822354
-0.810012
0.785441
0.470154
0.180236
0.0786001
-1.24153
-0.799879
0.227204
0.65272
0.15062
-0.419777
-0.257927
-0.65477
0.0885643
-1.27949
-0.977615
0.125845
0.510382
-0.815109
-0.809645
-0.58342
-0.301951
0.141155
-0.667832
0.56276
-0.630568
0.288747
-0.556189
0.0875848
-0.788459
-0.783261
-0.968668
0.449236
0.65445
0.365096
0.699189
0.421682
0.191951
-0.364994
0.12587
-0.087762
0.25922
-0.886441
0.738838
-0.09939
0.494727
-0.491951
-0.686284
0.314925
-0.376399
0.70848
-0.147674
0.238403
-0.349282
-0.533452
-0.851943
1.17361
0.701228
-1.74914
-0.99847
0.121462
-0.711691
0.548757
0.528555
0.32091
-1.09853
0.608697
-0.492959
-0.661439
-1.15348
0.718413
0.442214
0.519035
0.452169
-0.117923
-1.04896
-0.0281292
-0.330519
-0.453119
0.727848
0.72043
-0.845764
0.849226
-0.180877
-0.624059
-1.11702
0.610835
-0.215112
0.832504
-0.652883
0.228088
0.13043
0.574831
0.363623
0.289415
-0.784171
-0.0626495
0.592002
-0.0850752
-0.446057
-0.736618
-0.289294
0.478615
0.219425
0.408259
-0.680463
-0.1752
0.472763
0.760748
0.706762
0.19829
-0.428021
0.31681
0.644627
-0.279113
0.480917
-1.05653
-0.913178
-0.820049
-0.559396
-0.560938
0.139461
0.174754
0.500653
-0.529646
0.310798
0.080577
0.740582
0.445318
-0.423842
-0.517112
0.281275
-0.17695
-0.789207
-0.396544
-1.31434
-1.12583
-0.493886
0.812862
-1.05431
0.513522
0.409448
-1.17079
-0.912277
-0.420974
0.403218
-0.0260619
-0.816742
0.519794
-0.996412
0.516861
0.328547
-1.12204
0.338746
-0.218998
0.497095
0.813905
-0.664326
-0.611658
0.791311
-0.654428
0.389295
-0.19466
-0.776081
-0.61783
-1.03042
0.311144
0.415387
-0.778812
-0.834547
0.589401
-0.667081
-0.701258
-0.265529
0.738562
0.583244
-0.683569
-0.804297
-0.81815
-0.893687
0.716511
0.541723
-1.18288
-0.982903
0.0330082
0.955994
-0.696178
-0.613766
-0.0936262
-0.448101
-0.514078
-0.883717
0.544063
0.405031
0.441047
0.720506
-0.691299
-0.0653292
-0.451096
-0.5724
0.358113
-0.846236
0.579908
0.367194
0.001281
0.559014
-0.335653
0.806637
-0.6836
0.756889
-0.976499
-0.112968
-1.40487
1.08912
-0.464326
0.903379
-0.5957
0.437781
0.465993
-0.870793
-0.960293
0.624249
0.321235
-0.914221
-0.00333669
-0.88673
0.861254
-0.834321
-0.939387
-0.12782
0.725723
0.237686
0.696823
-0.736256
0.0774011
-0.476675
-0.361857
0.559462
-0.46574
-1.162
-0.415271
-1.01608
-0.374689
0.813844
0.226398
0.146457
-0.438545
-1.08401
-0.847083
-0.290487
-0.392852
0.476094
0.335217
0.338944
-0.534749
-0.267877
0.702754
0.649478
-1.11278
-0.561907
-0.740186
-1.04037
-1.01099
0.320277
0.983609
-0.102526
0.82641
0.688396
-0.0174314
0.775688
0.354073
-0.703989
0.583518
-0.539475
-0.930808
0.734569
0.303017
0.500106
0.807849
-0.362433
0.0942066
-0.153456
0.420859
-0.9287
-0.805397
-0.931146
-0.249193
0.600584
-0.846702
-0.545068
-0.532383
0.201667
-0.666583
-0.600853
-0.310289
-0.628613
-0.264803
-0.299083
0.58058
0.345353
-0.161799
0.289467
0.0923495
0.0364261
0.432096
0.239458
0.305925
-0.167599
-0.917317
0.593695
-0.356752
-0.694373
-0.46828
-0.918235
0.107623
0.300508
-0.759738
0.18841
-0.526509
-0.197148
0.891879
-0.14025
-1.11145
0.848765
0.642004
0.816227
0.443761
-0.26331
0.285583
0.448775
-0.258973
0.870892
0.281362
0.106654
-0.47574
-0.726339
-0.386759
0.242744
-0.818462
-0.56366
0.836284
-0.880674
0.878228
0.385111
0.424869
0.31866
0.666027
-0.66077
-0.296943
0.719357
-0.225579
-0.701497
-0.508899
-0.166222
-1.04661
-0.342102
-0.123713
-1.07629
-1.07548
-0.633368
-1.02943
-0.0600279
0.299408
-0.482321
-0.805911
-0.0797038
-0.881678
-1.04106
1.45327
-0.483486
-0.819835
-1.09078
0.182168
-1.09501
-0.356399
0.831863
-0.602102
-0.241343
-0.552168
-0.853507
-0.611708
-0.725964
-0.859305
0.543649
0.782213
-0.761547
-0.677711
-1.03912
0.518247
0.402369
-0.537641
0.182641
-0.736589
0.525591
1.11955
-0.0914999
-0.764924
-0.606208
-0.31793
0.339773
-0.393244
-0.17532
-1.0327
0.437578
-1.0858
-0.822409
0.535933
0.0260078
0.00520774
0.362358
-0.593101
-1.10564
0.294136
0.551526
-0.579337
0.625327
-0.504152
0.457141
0.0893551
-0.407402
0.573777
0.45031
-0.147174
0.650082
-0.600819
0.350264
0.228441
-1.02796
0.250513
0.0145731
0.0439186
-0.171545
0.201355
0.197129
-0.0136127
0.212721
-0.779312
0.261461
-0.693277
-0.344524
-1.02894
0.168738
-0.153883
-0.892496
-0.716268
-1.13787
-0.391755
-0.0936779
0.33854
-1.01155
0.422444
0.293157
-0.497635
0.699684
-0.971337
-0.280556
0.174755
-0.737461
0.695092
0.226891
-0.0742022
-0.680287
-0.0124662
-0.737199
0.284217
0.0291154
-0.593515
-0.394089
0.283186
-0.714386
-0.550304
-0.354417
-1.19053
-0.0640056
0.507081
0.417628
-0.374585
-0.770046
0.698994
-0.787446
-0.31648
-1.14468
0.792089
-0.105018
0.196231
-0.989643
-0.726071
0.645459
-0.833313
0.465156
0.0397375
0.331073
0.780388
0.506268
0.12903
0.259953
-1.00297
0.733669
-0.863445
-0.870211
-0.282587
0.418643
0.323922
-0.956476
-0.654848
-0.567904
-0.328994
-0.0398411
-0.804404
0.82495
-0.450905
0.391483
-0.556976
-0.448833
-1.01864
-0.890807
-0.56497
0.835935
-1.00549
0.620103
0.550884
0.397456
0.707251
-0.062566
0.673477
0.333622
0.720062
-0.567983
-1.00485
-0.867997
0.131284
-0.845311
0.718163
0.252597
-0.297238
-0.971989
0.206124
-0.728278
0.489847
-0.94207
-0.925583
-1.08757
-0.671974
-0.159714
-0.434677
-0.578393
-0.286982
-0.70545
0.584998
-0.647994
-0.188028
-1.27439
-0.071332
0.187345
0.626766
-0.707298
0.743587
-0.249426
0.209384
-0.649988
-0.85992
-0.656531
-0.669737
-0.425387
-0.147561
-0.532627
0.108755
0.523499
0.323765
-0.830981
0.688406
0.327316
0.59004
-0.93205
-0.25873
-0.141178
-0.715307
0.0269005
-0.392209
-0.213612
0.668024
-0.80325
0.0477951
-0.552635
-0.467769
0.385538
-0.774005
-0.0830983
0.506301
0.605889
0.141732
-0.0606398
0.0921453
-0.393122
0.132248
-0.973233
0.202662
0.811964
-0.394424
0.863148
-0.724905
0.311992
-0.0144241
-0.101918
0.398843
0.334775
0.607773
-0.294099
0.607073
0.101877
0.773332
0.11698
-0.254597
0.59429
-0.506159
-0.460088
-0.980869
-0.512574
0.403717
-0.224476
-0.616665
0.0871204
-0.279957
-0.14388
-0.953221
-0.481682
-0.58591
0.428144
0.0528279
-0.636477
0.614775
-0.441734
-0.925557
-0.717131
-0.294434
0.592663
-0.433495
-0.587003
-0.23335
0.0644841
-0.697909
-0.31153
0.418335
0.405388
0.33048
-0.920586
-0.553288
0.174416
0.405759
-0.418836
-0.498264
0.164226
-0.5882
-0.653599
-0.875434
0.525744
-0.319149
-0.456218
-0.884176
-0.486294
-0.115079
-0.48949
0.780675
-0.988951
0.441626
-0.71334
-0.892919
0.00929881
-0.657402
0.00246682
0.387002
-0.601126
0.214835
0.857562
0.0217226
0.133246
0.375668
0.376358
0.0240184
-0.0292656
0.400562
0.224447
-0.314025
0.82051
-0.555258
-0.159095
-0.318739
0.176953
0.514639
-0.706543
0.334346
0.0536783
-1.00527
-0.1132
0.297355
0.0293934
-0.644066
-0.71193
-0.0280806
-0.690344
-0.708313
0.543554
0.695582
-0.329606
-0.308748
-0.0357115
0.364958
-0.19918
-0.213399
-0.727976
0.588314
-1.12244
0.580275
0.473026
0.318293
-0.632685
-1.28363
-0.0310254
-1.05898
0.137091
-0.618156
-1.28727
-0.368445
0.140072
0.343108
-1.14332
-0.75999
-0.880175
-0.780754
-0.173323
0.568176
-0.34006
0.353551
-0.0413374
-0.55425
-0.149538
-0.64805
-0.879323
-0.587672
-1.02257
0.703982
-0.718002
-0.613538
0.250734
-0.0550313
-0.251572
-1.13512
0.498977
0.162169
-1.1477
0.421809
0.913381
-0.470169
-0.130257
0.694494
-0.867949
-0.0304227
-1.23325
-0.487384
0.875995
-0.000171514
0.183116
0.446
0.745272
-0.355205
-0.329307
-0.968207
0.512684
-1.16017
-0.874768
0.177923
-0.0961643
-0.426844
-1.15363
-1.23269
0.385996
0.491175
-0.427597
-0.859778
-0.729184
-0.162767
-0.659363
-0.669474
0.398857
-0.492989
0.283908
0.126367
-0.262089
-0.853293
-0.0425736
-0.849778
0.0219316
0.413578
0.750082
0.430439
0.413284
-0.100807
-0.00851131
-0.334337
-0.028193
-0.272799
-0.37822
-0.837883
-0.955447
-0.00430013
-0.144896
-0.777206
0.0269827
-0.855774
0.716762
0.796662
0.934849
0.0131363
0.197848
0.486408
0.889931
0.654252
-0.0694693
-0.2708
0.0709604
0.636674
0.162613
-0.701646
0.0264316
-0.63368
0.655333
-1.11255
-0.284328
-0.100061
-0.48615
0.0115025
-0.0776768
0.815614
-0.510914
-0.0333803
-0.779282
-1.43608
1.16572
-0.550578
0.6302
0.186002
0.913302
0.113682
0.751993
0.48315
0.0912456
-0.56127
-0.621215
-0.541795
0.165665
0.863328
-0.106154
-0.396606
-0.931143
0.565149
-0.974977
-0.817786
-0.22644
0.523005
0.865191
-0.692939
-0.239396
-0.146237
1.37883
0.110165
-0.0840995
-0.870151
-0.630914
0.158875
0.493106
-0.512618
-1.08678
-0.0887152
0.467968
-0.632805
-0.6467
0.466518
-0.53644
-0.342936
0.42698
-0.73131
0.382505
-0.331505
-0.180751
-0.237886
0.778583
-0.702041
0.706985
0.576665
-1.2348
0.256962
0.0537941
0.253603
-0.189917
0.214855
-0.657633
-0.628659
-0.282351
0.468789
-0.155109
-0.678749
-0.119356
-0.736018
-0.32471
0.484013
-1.0162
-1.04724
-1.16528
-0.54111
-0.974839
-0.680837
0.434919
-0.643251
-0.00812952
0.633811
-1.44694
0.153931
-0.948596
-0.64248
0.184994
-0.0351786
-0.838707
0.442942
0.240655
-0.247919
-0.476075
0.0725621
-0.858626
-0.631916
0.162793
-0.46313
0.493745
-0.265492
-0.427566
-0.527277
-1.01322
-0.402546
-0.9529
-0.560954
-0.873841
-0.370777
-0.2178
0.449166
0.773194
0.306732
-0.824681
0.0736914
0.563622
-0.847454
-0.15312
-0.614877
0.693823
0.41989
0.504994
-0.884261
0.888876
-0.081905
0.878072
0.718178
0.00640247
0.0872094
0.216829
0.414747
0.191707
-0.942458
1.00847
-0.298338
0.248333
0.795219
0.112004
-0.041681
-0.758556
0.670781
-0.867353
0.47947
0.44991
0.822389
0.857574
-0.00391217
0.638137
-0.301231
0.586033
-0.556312
-0.203547
0.524052
0.903207
-0.21177
-0.557073
0.664014
0.373867
0.719271
0.0657243
-1.29704
1.17924
0.282416
-0.199041
-0.645945
-0.262815
-0.57058
-0.193496
0.458106
0.187778
-1.03537
0.917615
-0.385304
0.17104
0.368253
-0.239147
-0.967847
-0.0860745
0.719292
-0.6104
-0.308034
0.777542
0.282242
-0.924967
-0.912969
-0.744736
-0.608682
0.043558
-0.604178
0.272135
0.40813
-0.651862
-0.73699
-0.41498
0.318891
0.909539
-0.268682
-1.01252
0.526328
0.373524
0.264757
0.734854
0.35876
0.798125
-0.947224
-0.774062
0.668389
0.877865
0.928668
0.378538
0.875758
-0.335352
1.28739
-0.259845
-1.2424
-0.417425
0.812439
-1.03537
0.502381
-0.694638
0.834521
0.667625
0.211387
-0.183991
-0.551607
0.614337
-0.0310125
-0.89432
-0.500916
-0.945523
0.639557
-0.673069
-0.21682
-0.2227
0.82657
-0.569092
0.110094
-0.531234
-0.356407
0.419997
0.610615
0.696861
-0.511968
-0.0586843
-1.00252
0.42389
0.345902
-0.0534879
0.121619
-0.517579
0.233
0.491872
0.651822
0.440337
-0.392478
0.5164
0.118995
-0.0791909
0.339004
-0.305574
-0.256712
0.69045
0.160667
0.626847
0.110476
0.814723
0.569996
0.253232
0.403304
-0.762258
-1.10933
0.314001
-0.233258
0.604008
-0.831155
0.768978
0.84598
0.581854
-0.458453
-0.391576
0.547826
-0.415922
-0.581526
0.731154
-0.800117
-1.0492
-0.978053
-0.303229
-0.609104
0.571793
-0.339614
0.617883
0.898845
-0.179182
-0.814651
0.73372
-0.320289
-0.392606
-1.04931
-1.00188
0.389157
-0.912834
-0.732469
-0.219863
-0.869891
0.59575
0.0425224
-0.356766
-0.276796
0.152252
0.106997
0.156171
0.225888
0.401811
0.281926
-0.134598
0.649274
-0.891758
0.277007
-0.47637
-0.848541
0.279415
-0.564225
-0.518612
0.781079
-0.485065
0.539367
0.0275836
-0.757431
-0.406544
0.705846
-0.0579191
-0.170684
-0.586745
-0.0550364
1.00668
0.85558
0.76118
-0.649546
-0.424038
0.0585722
1.3765
-0.0476199
0.344261
0.45581
-0.874155
-0.556293
-1.11439
-0.116771
0.114427
-0.326605
-1.22211
0.504221
0.244119
0.508753
-0.174018
-0.0976595
-0.962947
0.384561
0.610115
-0.774068
-0.325357
0.669372
-1.0421
-0.403562
0.0166584
0.313352
-0.189684
-1.45593
0.621765
0.993792
0.929179
0.133426
-0.813679
0.2053
0.344619
0.143023
0.542197
-0.54167
0.11423
-0.914937
0.698132
0.032831
-0.99044
-0.401324
0.530191
0.228462
0.11696
-0.519771
-0.256069
0.31902
0.0637407
-0.84683
0.672357
-0.270129
0.447006
-0.852986
-0.643887
0.298433
0.633435
-0.470736
-0.0633837
-0.553616
-0.759342
-0.451961
0.780659
-0.679644
-0.679868
-0.219552
-0.554281
-0.589197
0.590606
0.70677
0.304001
0.349349
-0.191106
0.342659
-0.307285
-0.301892
0.67294
-1.53959
1.1109
0.91386
0.23268
-0.973331
0.223773
-0.653522
-0.329065
0.663316
0.901506
-0.444891
-0.103619
0.836389
-0.899475
0.626134
0.209207
0.42513
0.621947
-0.909383
0.883078
0.0462543
0.39942
0.101058
0.0828282
-0.782257
0.697115
1.41972
-1.49152
-0.480091
-0.519404
-0.973276
0.230195
-0.800315
0.786996
-0.753766
0.725331
-0.992384
0.294124
-0.490644
0.174407
-1.02573
0.292394
-0.0124913
-0.691428
-0.27985
-1.00917
-0.281585
0.124489
-0.445217
-0.184419
0.334949
0.399908
-0.532695
0.293766
-0.491861
0.687222
-0.17696
-0.00741159
-0.830318
-0.395503
-0.0933334
-1.07863
-0.378664
-1.09309
-1.05837
-0.416563
-0.822503
-0.807195
-0.38494
0.30677
0.493131
-0.274645
0.0168488
-0.130069
0.300409
-0.081512
-0.43083
0.00909311
-0.0194705
-0.204095
0.807379
-0.540327
-0.875311
-0.488374
0.330006
0.55391
0.320272
-0.630721
0.594568
0.00209296
0.59552
0.431881
-0.837911
-0.270345
0.46849
0.191433
0.472246
-0.620977
0.286663
0.43892
0.378039
-0.767228
0.423676
-0.599993
-0.591353
-0.738283
1.25653
-0.0777068
-0.989145
0.22083
-1.09575
0.376175
-0.272762
0.240892
0.403246
0.251604
-0.561357
0.752339
0.834029
0.399479
-0.0709319
0.0250892
0.867923
-0.804121
0.662715
0.0275242
0.498018
0.303664
-0.0248877
0.187032
0.578427
-0.100459
-0.0532124
0.0553936
-0.411875
0.000419237
-0.796337
-0.508585
-0.209716
0.657329
0.343249
0.245258
0.494732
-0.970934
-0.410087
-1.10069
-1.15146
-0.282947
-0.414337
-0.466262
0.306511
-0.629917
-0.903614
-0.308535
-0.978631
-1.51094
0.594396
-1.00745
-0.375078
-0.0235627
0.703447
0.376008
1.03467
-0.841711
-0.0258313
-0.275275
0.129206
-0.674992
-0.131345
0.659608
0.360041
-0.538678
0.261584
-0.422368
-1.10726
-0.156898
-0.074249
-1.2528
-0.11893
0.307406
-0.269851
-0.00409109
0.0545048
-0.0230097
0.855394
0.721174
-0.317991
-0.850501
0.284662
-1.05351
0.328241
-1.12741
0.632699
-0.317364
0.693647
-0.537171
-1.00436
-0.404407
-0.38363
-0.721712
0.593316
-0.103938
-0.666638
-0.848246
0.410527
0.396344
-0.0585485
-0.609509
-1.27614
0.372341
1.0587
-0.378917
0.229901
0.16915
-0.0261175
-0.250245
0.34448
0.608149
0.339183
-0.101358
-0.389978
-0.485557
-0.527482
0.327095
0.661838
0.81258
-0.042216
-0.612216
-0.812479
0.249201
-0.0582564
0.5617
-0.370893
0.173389
0.115753
-0.627691
0.625136
-0.619787
0.372982
0.929345
-0.249795
0.38281
0.855295
0.799648
-0.689223
0.665312
-0.707256
-0.131379
0.222797
0.732751
-0.0513264
0.639594
-0.949558
-0.449037
0.937369
0.322281
-0.165977
-0.330611
-0.742726
-0.128387
0.694284
1.07556
0.591932
-0.143641
-0.495634
-0.215279
-0.528967
-0.298129
-1.00849
0.201264
0.315779
0.979796
-0.165277
-0.842779
-0.3525
0.11362
0.820564
-0.878748
0.630354
0.0770561
0.0212033
0.330515
-0.064143
0.633971
0.375306
0.288701
0.378251
-1.29974
0.254368
-0.498969
-0.904121
-1.12992
-0.281198
-0.967282
0.496108
0.604465
-0.605976
0.51985
-0.390777
0.749334
-0.433965
-0.351044
-1.16252
-0.636753
-0.709398
-1.03811
-0.996862
-0.539284
0.370288
0.446214
-0.290379
-0.536489
0.533657
0.962841
0.0152086
0.505086
-0.572132
-0.205783
0.658151
0.584351
-0.307764
0.449995
0.895569
-0.805269
0.583344
-0.990588
-0.38908
-1.04944
0.219074
-1.03775
-0.0510344
-0.872735
0.577215
-0.0365199
-1.08184
0.723624
-0.468028
-0.521687
-0.481967
-1.07362
-0.268484
0.490196
-1.03357
-1.03687
-0.36131
-0.978318
0.116534
0.297924
-0.422784
-0.387283
-0.236425
-0.785935
0.736494
-0.594987
-0.743272
0.405857
-0.637334
0.245215
0.709805
0.677732
-0.0701665
0.295146
0.546034
0.509145
0.121129
-0.162396
-0.26491
-0.581191
-0.0226413
0.511393
0.606866
0.834826
-1.06477
-0.296602
0.190543
0.511646
0.679857
0.795368
0.297745
-0.57818
0.142494
-0.380507
-0.93927
-0.627649
0.848268
0.141316
-0.0963815
0.545581
0.759333
0.313019
0.343445
0.85089
0.414983
-0.301123
-0.606438
-0.197491
-1.04196
-1.01327
0.381754
0.294907
-0.952012
0.0312536
-0.892458
-0.457495
-0.461092
-0.410045
0.085305
-1.00738
-0.982602
0.724747
0.532918
0.845008
-0.312731
0.862144
-0.967789
0.614565
0.781679
-0.362155
-0.0239571
0.233109
-1.0524
0.784782
-0.0552738
0.0117849
-0.639301
0.0196192
0.643107
-0.108439
-0.101664
-0.23401
0.522766
-1.02202
-0.332126
0.477561
-0.482876
0.594072
-0.86741
0.53647
0.779552
-0.29212
-0.0814766
-0.487326
-0.311995
1.19855
-1.22205
-0.680212
-0.997692
0.418812
0.109292
-0.452456
-0.345998
0.29152
0.242932
-1.00515
-0.120761
0.473301
0.239851
0.67304
-0.850367
0.715352
0.578137
-0.620572
-0.312878
-0.3247
0.0601553
0.539593
0.864562
-0.814864
0.144525
0.107805
0.169316
0.613925
-0.476008
-0.407318
-0.862552
-0.932727
-0.00458455
-0.136324
-0.089549
-0.396196
0.675128
0.8119
0.478194
0.337953
0.65696
0.4473
0.211352
-0.33356
0.125075
0.22581
-0.625314
-0.153521
0.165233
-0.506192
0.0048938
0.426427
0.236496
-0.0861956
-0.280071
0.681069
0.345835
-1.02822
-0.958876
-0.177536
0.736342
0.560714
-0.747302
0.933534
0.792474
0.551413
-0.413527
-0.401939
-0.570378
0.61303
0.286328
-0.247972
-0.345804
0.188778
0.0723775
-0.254007
-0.484391
-0.611761
0.798673
0.0148844
-0.933359
0.0434609
-0.451117
-0.0845684
-0.599126
-1.10875
-0.8068
0.252719
-0.812312
-0.183458
0.410652
-0.0839025
-0.929598
-0.691911
-0.1503
0.754234
0.653774
-0.41442
-0.513983
0.562652
-0.257577
0.0661043
0.012294
-0.305542
0.351978
0.0476602
-0.5927
-0.927582
0.475168
-0.0841446
0.623663
0.0189856
0.0922499
-0.762515
0.0619206
-0.264276
-0.374881
-0.248414
-0.622205
-0.467964
-0.605212
-0.51505
0.782188
0.465511
-0.937698
-0.761447
0.646901
-0.878008
0.0273229
-0.982464
0.254772
-1.00191
-0.233819
0.23417
-0.820147
-0.864889
-0.149068
0.385962
-0.436591
-0.623338
-0.0460228
-0.472253
0.037295
-1.11795
-0.98588
-0.162626
0.375725
-0.670118
-0.928762
0.0687415
-1.17311
-0.498277
0.028356
-0.0741973
0.0261529
0.251215
-0.392494
0.676239
0.698894
-0.841338
-0.586673
0.440815
0.356499
-0.135958
0.624464
0.159533
-0.713118
-0.93951
0.92616
-0.657284
-0.197955
-1.01364
-0.698809
-0.320365
-0.174415
0.914258
0.0526037
0.480648
-0.433515
0.626405
-0.666528
-0.360582
0.372668
0.375757
-0.681725
-0.861738
-0.667122
-0.267579
-0.548089
0.114158
-0.770256
-0.148821
-0.366943
-0.188915
-0.764248
-0.0976672
-0.664292
0.280901
0.46867
-0.399203
-0.703663
-1.11358
-1.06165
-0.0853162
-0.390509
0.357445
-1.12108
-0.0394742
0.438332
-0.281875
-0.410746
0.397384
-0.321585
-0.253542
0.52621
0.309127
-0.174524
-0.991376
-0.868204
-0.686316
0.0481863
0.829507
0.739287
-0.311347
0.356778
0.630497
0.726834
-0.138397
0.752235
0.0782783
0.30327
0.576901
0.015519
-1.08833
0.620558
-1.01534
0.595518
0.200885
0.953361
0.136066
0.85807
-0.12157
-0.0615095
-0.225534
-0.832662
0.483027
0.374545
0.270074
0.735217
-0.598589
0.889956
-0.587291
-0.367025
0.590988
0.587163
0.484565
-0.544488
0.27602
-0.0885184
-1.04681
-0.601532
-0.231414
-0.617381
-0.2409
-0.679149
0.25601
-1.26472
-0.875463
0.313272
0.177867
-0.428572
-0.730293
-1.13518
-0.33777
-0.402963
-0.350587
0.733103
0.0310495
-0.223871
0.664018
0.146963
-0.472735
-0.601186
-0.36034
0.170448
0.747182
-1.14734
-0.392421
0.712159
0.802291
-0.790994
0.636979
0.84705
0.641375
-0.316338
0.536241
-0.439471
-0.121557
-1.0537
0.19284
0.552824
0.530827
0.482749
0.721206
0.925592
-0.412802
0.566579
0.611782
0.818677
1.26936
-0.24
0.34
-0.57
-0.48
0.64
-0.19
0.34
0.5
0.14
-0.42
-0.45
-0.19
0.17
-0.55
-0.42
0.81
0.36
0.75
-0.31
-0.12
-0.7
-0.38
0.35
-0.48
-0.41
0.02
